nTasks=100;
nCPUs=10;
rt=[651.305526784825 670.7151798799375 614.6717679266152 725.1878153950394 731.4281536309753 673.9298847865028 735.4864230406422 729.6833022086242 693.8653499267288 742.3840566632659 640.8656673390559 741.4224770569527 697.3890939310872 679.0161472404398 740.5086538319501 733.2106658641769 684.8411836199141 720.1635892878674 746.4003838828539 716.0594244678323 717.3264576552137 686.0057793695462 608.9198647030405 622.4653391228705 708.678437728191 729.9492966113472 677.7077563396091 605.1549722478095 666.3947712620699 677.4659083240128 734.3645695019025 603.5951591753517 649.3888680673732 625.649793849303 627.3890535714712 662.4791804777906 742.3565619221454 652.21847933054 659.8660987013754 638.318710564442 636.6254713955391 700.717497983197 660.4464568693545 637.8209709191987 705.7008238069028 630.1821758532274 625.8597175331496 723.5580697176481 718.8580034518784 662.4632257503529 650.2115620804605 657.2270286677415 701.4563469885261 676.1300028910742 670.7601416238977 681.9435341143422 721.8384500584792 636.6140547454555 652.9688719284167 654.2189335303157 702.2016929878429 681.0465274703851 712.4705449403245 748.1887582908652 741.161869721167 660.7472564169011 722.7224153630302 608.6238665850068 733.3078375872142 661.8275315435375 605.7783016097789 641.7634363354216 668.1212306811468 635.9894818108121 710.9754927442514 736.8580941199189 644.8496811109463 684.4092786178338 661.6402605490874 713.6879892187552 631.9937564969946 703.913013576373 685.9661685950016 692.353313869041 694.5339401173286 655.3226450005877 699.7926474103307 688.6368044814571 650.8681175556015 729.8600130592889 673.9473784891914 681.9033785950311 718.5388995819877 700.0326009077451 721.7485216087041 712.6389612357518 720.2851699321054 625.3062373309143 639.2990791053309 603.1208842127744];
rc=[8144.90755176409 8324.378697368995 8430.415104925096 9633.548257209724 9047.005517615646 8575.568214928444 8623.661941032546 8593.45400906149 9320.889136984446 9555.288096500659];
