nTasks=100;
nCPUs=10;
rt=[696.6019043482331 621.8680780994616 688.814303016754 726.2532801663106 613.2409026531221 690.9205580844213 649.5268962692869 635.1719252534223 695.4224273271337 726.3458484718618 700.7032664580564 637.6282860905143 671.1979038056498 678.2217663211028 608.7860957958658 724.9776672425949 726.0277586763469 631.1313744556211 652.3171942583455 684.9048018906739 631.8983808239377 632.0013390338164 636.8268756848969 630.9090661867108 711.1354262961557 732.8074392661764 712.1819453492413 607.3651723777613 715.8910806948296 694.7872914646815 600.7689923868653 719.4817485721674 672.7852785250964 636.2482269219418 615.4261179330886 717.1741353159085 738.241645536942 719.2732994781695 742.0771247714682 690.2546493003742 627.6800387228038 648.2764411882233 668.8008999081981 714.3201440871525 631.4910878905391 659.0754363237251 710.1987951552859 685.3532748603873 676.7557588444816 731.0068552655646 672.9337015903969 671.4741237181174 636.8515684779368 709.1808812972465 738.8799905221169 692.6240287341192 602.4520608177833 654.2653547678622 668.1920955799438 660.0372405961579 624.1412329168919 717.6696281448393 643.1128426721265 609.4909569590786 749.5197599808375 658.4249073010852 661.2253017368745 744.519301300301 676.7447177172202 657.1390307502566 669.6687149450981 674.6640340419697 639.7874983289049 660.1971760190835 690.5649994343404 603.5357265221062 745.6295107863939 747.1376225196407 727.829474899663 666.4543647719688 646.4641524376634 714.4657208861738 652.8186443247877 620.2435303641386 622.2954432726605 634.3668892365214 717.12972195725 689.4686959881881 619.5850563459932 614.1464140788265 748.7815046709137 664.1724554019144 608.1710794694502 665.1900726863955 733.4590200903444 740.0170708395426 717.3589961125465 707.4183797535223 699.1826921979347 645.8165511622949];
rc=[7812.679216151576 9802.041082636826 9892.956891238067 9979.672810316792 7740.183947272584 9348.298671523644 9619.444022964279 9392.579511102718 9341.34395116426 7786.647556640674];
