nTasks=100;
nCPUs=10;
rt=[657.0138819158269 732.9929149482739 611.5300535832115 721.7443858334206 717.2495059304564 690.458331794244 729.6323587731001 613.6557199899576 624.901443517838 723.3436572724565 669.5775986230392 660.3765971227531 611.8837660569026 674.58173582624 732.8795609896086 673.6438664262337 741.0738437954107 747.521329030722 717.0382090374057 708.4069393228323 644.348834205502 692.3178843938986 713.3834709099465 604.8423418042491 614.2939971137882 708.9313612718289 671.9184385638782 721.768079675392 600.1050275745115 699.6942774577277 600.3190947077584 632.5816975029104 636.3750842460081 644.6488482727598 629.2808351098635 612.1298392256407 737.9412258881985 635.4014305566845 699.9849029146362 625.7819055760433 700.9865603710938 625.8145220070464 620.1558655044869 683.2343230876093 637.9534088504231 715.113001696681 728.0952527066995 731.270760595419 676.5542436157489 616.4765651936314 632.7930135282978 698.0464153574698 627.376403053399 653.0283164350051 664.9765505022414 615.6385739638974 701.88887554746 619.2502481129956 736.2370055228008 603.502389635398 661.520658718721 611.3203459189774 741.3629036099368 635.5824405291831 645.626391048818 742.6342746717161 748.5697499698771 658.2936934648144 672.6600940303819 738.8347096363807 696.4229756357777 716.0813500196585 737.9065905918188 634.5385712519621 664.3345525793218 643.8421066812239 657.3413006845802 605.3234394578897 681.0123408010008 711.791116801119 695.1194092195867 709.7206659273144 740.8113020897072 650.613993093177 643.993841473138 617.0656489860387 694.7322835174153 712.9155130697028 658.4025909950238 694.727892657098 626.7246255641791 716.5295590669906 746.850737494727 608.8563246227139 658.5290407886857 630.5309176380297 692.6933835196703 675.5912642465411 624.6536017730419 667.4717642007664];
rc=[8243.486480146923 9385.783568121911 9680.393680233485 7965.108613841124 8996.536135661661 8615.468196400396 9910.692923671262 7682.485543551871 8363.719818550466 8946.663925819985];
