nTasks=100;
nCPUs=10;
rt=[608.4971689003618 704.494023512766 675.626900719029 641.7144609735386 652.546319111744 676.181863996849 673.748290999953 642.6923519767862 713.385079740205 699.8133560203329 615.3061386644209 720.2114881164432 735.5373808202098 718.7100946139836 678.8749770301248 680.6878525640939 638.2850125843754 697.5804649382852 635.2289627820796 721.6959111416503 692.4707662452429 646.7027915778255 684.439927491921 632.300733776933 713.7797520917273 692.3303111846201 710.7895113932174 708.5478841025142 663.3150650901234 675.5600769423908 707.4629870914251 641.815966798662 711.8309481544422 666.0405440656658 743.7304789272839 712.2896045086745 642.561295746504 678.2666160480784 711.3232923582893 703.8249073829322 741.8737870807745 659.8256859566284 718.8148322070356 714.7531118439906 717.5294239481711 724.5247393777655 693.9739752893555 653.6628810366708 654.6458880337619 740.1430351686054 728.4761449835505 682.4436385215059 716.2966695412656 661.1092390795814 741.8938247326798 690.8445860128265 691.3935495521391 704.8488332653582 613.1116536914705 659.5928408460161 691.6999544840203 679.1394456946606 738.5335469892918 664.6351498001344 651.2382777015019 734.9457452400557 698.6220533068016 726.625364021656 695.0552705423177 653.8619018851309 601.0816679583816 659.5969326565884 742.5919482686786 661.7912820314449 688.0751146340402 659.9072473434654 737.4934536180635 671.4228341151207 650.7261553450279 695.768366530401 735.3593902178934 683.7351657138519 637.3249750427939 645.9549392723147 606.664257968812 618.8178624375754 630.6435309001038 700.8497857526904 680.7775854788545 659.7824979371869 696.0204972162722 635.6349683851068 681.927183656182 697.2118600097756 612.7623157882713 740.4940399998844 690.855254361515 743.0274402777865 690.9514258514087 679.4388634522363];
rc=[9291.647078699276 9467.372812048936 9255.382245323513 9184.138268524357 7524.864405266574 8621.082473170627 8532.346969284572 9860.538873265243 7687.195086041577 8634.76461861925];
