nTasks=100;
nCPUs=10;
rt=[654.7353089315483 733.0285988056415 736.1259779061263 708.0043259465721 645.9518437082013 739.4352761423222 674.4098612326237 677.3334133800557 717.505103935123 672.578653873898 718.5799737470475 613.5589302393153 619.7000546253977 711.209319785279 683.6586031972234 628.0655052469257 682.8870396306296 655.0598025974299 620.996253571271 626.9567588597902 673.7272902321149 696.4660873207547 671.9564737709605 630.9737011112898 697.5418321090297 644.2206105931334 615.8787835947224 604.8645020428772 613.218234407917 698.663787735654 714.6913807478079 604.6305066460145 673.8041037343627 697.3058001916606 624.9689677430939 731.7247199874488 624.0390541687451 624.3826418481394 657.0385441199666 728.4693242352822 738.5233929965319 720.3356576167004 687.7547850785664 722.2285924619896 625.2566411306427 646.039931816734 667.9642537516546 618.8363395952802 620.4973109392668 695.1498473090348 639.0564720873311 704.5465740500922 608.7091733771206 721.6652727087967 682.927272839044 622.9315474308185 719.3166801400672 640.8637603311656 683.933008342958 639.4307918847277 650.0131231616183 620.7555083244748 659.2258314060794 737.8357550649702 699.3252432353216 615.4278663102575 728.043406283265 671.1016672167395 622.2254085843099 622.8261350869818 601.5642253978658 648.8237688986669 648.0754194763601 697.3764402803241 682.3420486060326 615.6628938599137 690.5293426136927 616.6545612437459 631.5474977723221 721.2649865618829 604.8345998202832 651.8572223289132 645.457532186395 667.4812669887424 702.2517885193863 652.900121188057 659.1951108460628 730.5246756342744 747.566796416461 694.4885701296253 709.0696538225301 652.2685405387143 704.8064012989067 601.3992783244826 717.4117711903564 667.2752908003266 606.1071834037233 714.9841076682582 674.5933715603092 658.8804594797584];
rc=[9631.38730755585 8478.476861764664 9074.834303496902 9279.655046468899 9084.314106078427 8923.224976735193 7720.428062218411 8787.5526648736 9236.45611174347 9458.318569714824];
